mumbai 2 1 8500 7500 7500 1200 4000 9000 0 0 -1
ahmedabad 2 4 4000 4500 4500 400 1500 5000 0 0 -1
indore 4 6 1500 2000 2000 200 600 3600 0 0 -1
jaipur 4 8 3000 4000 4000 250 1500 5500 0 0 -1
delhi 3 10 6000 5000 5000 750 3000 7500 0 0 -1
chandigarh 3 11 2500 3000 3000 200 2500 3600 0 0 -1
simla 1 14 2200 3500 3500 200 1000 6000 0 0 -1
amritsar 1 15 3300 4500 4500 300 1400 5000 0 0 -1
srinagar 1 17 5000 6000 6000 550 3500 8000 0 0 -1
agra 4 19 2500 3000 3000 200 900 3500 0 0 -1
kanpur 4 21 4000 4500 4500 400 1500 5500 0 0 -1
patna 4 22 2000 2500 2500 150 800 4500 0 0 -1
darjeeling 2 23 2500 3000 3000 200 1200 5000 0 0 -1
kolkata 2 25 6500 6000 6000 800 3200 8000 0 0 -1
hyderabad 2 26 3500 5000 5000 300 1200 6000 0 0 -1
chennai 1 28 7000 6500 6500 900 3500 8500 0 0 -1
bengaluru 1 30 4000 4500 4500 400 1500 5500 0 0 -1 
ooty 3 32 2500 3000 3000 200 1000 4500 0 0 -1
kochi 3 33 3000 4000 4000 300 1200 5500 0 0 -1
margoa 3 35 4000 4500 4500 400 2200 6500 0 0 -1
